1 medico 500 500 300 1000
100 medico 520 360 300 10
10 medico 520 360 300 10
10 medico 520 360 300 10
10 medico 520 360 300 10
10 medico 500 500 300 10
10 medico 520 360 300 10
10 medico 520 360 300 10
10 medico 520 360 300 10
10 medico 520 360 300 10
33 bichopapao 200 200 60 10
33 medico 500 500 100 10
26 medico 500 500 100 10
26 medico 500 500 100 10
26 medico 500 500 100 10
32 bichopapao 200 200 60 10
33 medico 500 500 100 10
33 bichopapao 200 200 60 10
33 medico 500 500 100 10
33 bichopapao 200 200 60 10
33 medico 500 500 100 10
33 bichopapao 200 200 60 10
33 medico 500 500 100 10
32 bichopapao 200 200 60 10
33 medico 500 500 100 10
33 bichopapao 200 200 60 10
33 medico 500 500 100 10
33 bichopapao 200 200 60 10
33 medico 500 500 100 10
33 bichopapao 200 200 60 10
33 medico 500 500 100 10
32 bichopapao 200 200 60 10
33 medico 500 500 100 10
33 bichopapao 200 200 60 10
33 medico 500 500 100 10
33 bichopapao 200 200 60 10
33 medico 500 500 100 10
33 bichopapao 200 200 60 10
33 medico 500 500 100 10
200 alterego 1000 1000 100 100
100 bichopapao 5000 2900 60 10
100 medico 5200 3600 300 10
100 bichopapao 50 50 60 10
100 bichopapao 200 200 60 10
100 medico 500 500 100 10
100 bichopapao 200 200 60 10
100 medico 500 500 100 10
100 bichopapao 800 1000 60 10
100 medico 500 500 100 10
100 bichopapao 7000 5000 60 10
100 medico 500 5000 1000 10
100 bichopapao 2000 2000 60 10
100 medico 500 5000 1000 10
100 bichopapao 2000 2000 60 10
100 medico 500 5000 1000 10
100 bichopapao 2000 2000 60 10
100 medico 500 5000 1000 10
100 bichopapao 2000 2000 60 10
100 medico 500 5000 1000 10
33 bichopapao 2000 2000 60 10
33 medico 500 5000 1000 10
26 medico 500 5000 1000 10
26 medico 500 5000 1000 10
26 medico 500 5000 1000 10
32 bichopapao 2000 2000 60 10
33 medico 500 5000 1000 10
33 bichopapao 2000 2000 60 10
33 medico 500 5000 1000 10
33 bichopapao 2000 2000 60 10
33 medico 500 5000 1000 10
33 bichopapao 2000 2000 60 10
33 medico 500 5000 1000 10
32 bichopapao 2000 2000 60 10
33 medico 500 5000 1000 10
33 bichopapao 2000 2000 60 10
33 medico 500 5000 1000 10
33 bichopapao 2000 2000 60 10
33 medico 500 5000 1000 10
33 bichopapao 2000 2000 60 10
33 medico 500 5000 1000 10
32 bichopapao 2000 2000 60 10
33 medico 500 5000 1000 10
33 bichopapao 2000 2000 60 10
33 medico 500 5000 1000 10
33 bichopapao 2000 2000 60 10
33 medico 500 5000 1000 10
33 bichopapao 2000 2000 60 10
33 medico 500 5000 1000 10
